C  Q  n m k P   sec

21 21 4 4 5 1   131
21 21 4 4 5 2   66
21 21 4 4 5 4   33
21 21 4 4 5 8   17
21 21 4 4 5 16  9
21 21 4 4 5 32  6
21 21 4 4 5 64  3
21 21 4 4 5 128 2

22 22 4 4 5 1   519
22 22 4 4 5 2   261
22 22 4 4 5 4   130
22 22 4 4 5 8   66
22 22 4 4 5 16  36
22 22 4 4 5 32  20
22 22 4 4 5 64  12
22 22 4 4 5 128 5

23 23 4 4 5 1   2079
23 23 4 4 5 2   1040
23 23 4 4 5 4   521
23 23 4 4 5 8   262
23 23 4 4 5 16  137
23 23 4 4 5 32  75
23 23 4 4 5 64  26

24 24 4 4 5 1   8323
24 24 4 4 5 2   4158
24 24 4 4 5 4   2068
24 24 4 4 5 8   1047
24 24 4 4 5 16  541
24 24 4 4 5 32  171


___________________________

23 22 4 4 4 16   151
23 22 4 4 5 16   78
23 22 4 5 5 16   43
23 22 5 5 5 16   24
23 22 5 5 6 16   15